( 0, 20, 25, 19, 24, 1, 129)
( 0 -> 2 can't reach)
( 0, 20, 25, 19, 24, 26, 3, 136)
( 0, 20, 16, 4, 132)
( 0 -> 5 can't reach)
( 0 -> 6 can't reach)
( 0, 11, 7, 82)
( 0, 20, 25, 19, 24, 26, 3, 8, 162)
( 0, 20, 25, 19, 24, 26, 3, 8, 22, 9, 219)
( 0, 20, 25, 19, 10, 127)
( 0, 11, 46)
( 0 -> 12 can't reach)
( 0 -> 13 can't reach)
( 0, 20, 16, 4, 14, 132)
( 0, 20, 25, 19, 24, 26, 15, 167)
( 0, 20, 16, 88)
( 0, 20, 16, 17, 118)
( 0, 11, 7, 18, 109)
( 0, 20, 25, 19, 80)
( 0, 20, 43)
( 0, 11, 7, 18, 21, 131)
( 0, 20, 25, 19, 24, 26, 3, 8, 22, 196)
( 0 -> 23 can't reach)
( 0, 20, 25, 19, 24, 118)
( 0, 20, 25, 78)
( 0, 20, 25, 19, 24, 26, 126)
( 1 -> 0 can't reach)
( 1 -> 2 can't reach)
( 1, 10, 3, 55)
( 1, 10, 3, 20, 16, 4, 154)
( 1 -> 5 can't reach)
( 1 -> 6 can't reach)
( 1 -> 7 can't reach)
( 1, 10, 3, 8, 81)
( 1, 10, 3, 8, 22, 9, 138)
( 1, 10, 11)
( 1 -> 11 can't reach)
( 1 -> 12 can't reach)
( 1 -> 13 can't reach)
( 1, 10, 3, 20, 16, 4, 14, 154)
( 1, 10, 3, 20, 25, 19, 24, 26, 15, 189)
( 1, 10, 3, 20, 16, 110)
( 1, 10, 3, 20, 16, 17, 140)
( 1 -> 18 can't reach)
( 1, 10, 3, 20, 25, 19, 102)
( 1, 10, 3, 20, 65)
( 1 -> 21 can't reach)
( 1, 10, 3, 8, 22, 115)
( 1 -> 23 can't reach)
( 1, 10, 3, 20, 25, 19, 24, 140)
( 1, 10, 3, 20, 25, 100)
( 1, 10, 3, 20, 25, 19, 24, 26, 148)
( 2 -> 0 can't reach)
( 2, 4, 14, 3, 8, 1, 62)
( 2, 4, 14, 3, 29)
( 2, 4, 16)
( 2 -> 5 can't reach)
( 2 -> 6 can't reach)
( 2 -> 7 can't reach)
( 2, 4, 14, 3, 8, 55)
( 2, 23, 9, 38)
( 2, 23, 10, 50)
( 2 -> 11 can't reach)
( 2 -> 12 can't reach)
( 2 -> 13 can't reach)
( 2, 4, 14, 16)
( 2, 4, 14, 15, 64)
( 2, 4, 14, 3, 20, 16, 84)
( 2, 4, 14, 15, 17, 88)
( 2 -> 18 can't reach)
( 2, 23, 9, 22, 25, 19, 75)
( 2, 4, 14, 3, 20, 39)
( 2 -> 21 can't reach)
( 2, 23, 9, 22, 44)
( 2, 23, 10)
( 2, 23, 9, 22, 25, 19, 24, 113)
( 2, 23, 9, 22, 25, 73)
( 2, 23, 9, 22, 25, 19, 24, 26, 121)
( 3 -> 0 can't reach)
( 3, 8, 1, 33)
( 3 -> 2 can't reach)
( 3, 20, 16, 4, 99)
( 3 -> 5 can't reach)
( 3 -> 6 can't reach)
( 3 -> 7 can't reach)
( 3, 8, 26)
( 3, 8, 22, 9, 83)
( 3, 8, 1, 10, 44)
( 3 -> 11 can't reach)
( 3 -> 12 can't reach)
( 3 -> 13 can't reach)
( 3, 20, 16, 4, 14, 99)
( 3, 20, 25, 19, 24, 26, 15, 134)
( 3, 20, 16, 55)
( 3, 20, 16, 17, 85)
( 3 -> 18 can't reach)
( 3, 20, 25, 19, 47)
( 3, 20, 10)
( 3 -> 21 can't reach)
( 3, 8, 22, 60)
( 3 -> 23 can't reach)
( 3, 20, 25, 19, 24, 85)
( 3, 20, 25, 45)
( 3, 20, 25, 19, 24, 26, 93)
( 4 -> 0 can't reach)
( 4, 14, 3, 8, 1, 46)
( 4 -> 2 can't reach)
( 4, 14, 3, 13)
( 4 -> 5 can't reach)
( 4 -> 6 can't reach)
( 4 -> 7 can't reach)
( 4, 14, 3, 8, 39)
( 4, 14, 3, 8, 22, 9, 96)
( 4, 14, 3, 8, 1, 10, 57)
( 4 -> 11 can't reach)
( 4 -> 12 can't reach)
( 4 -> 13 can't reach)
( 4, 14, 0)
( 4, 14, 15, 48)
( 4, 14, 3, 20, 16, 68)
( 4, 14, 15, 17, 72)
( 4 -> 18 can't reach)
( 4, 14, 3, 20, 25, 19, 60)
( 4, 14, 3, 20, 23)
( 4 -> 21 can't reach)
( 4, 14, 3, 8, 22, 73)
( 4 -> 23 can't reach)
( 4, 14, 3, 20, 25, 19, 24, 98)
( 4, 14, 3, 20, 25, 58)
( 4, 14, 3, 20, 25, 19, 24, 26, 106)
( 5, 13, 0, 71)
( 5, 8, 1, 32)
( 5 -> 2 can't reach)
( 5, 13, 3, 54)
( 5, 13, 3, 20, 16, 4, 153)
( 5 -> 6 can't reach)
( 5, 13, 0, 11, 7, 153)
( 5, 8, 25)
( 5, 8, 22, 9, 82)
( 5, 8, 1, 10, 43)
( 5, 13, 0, 11, 117)
( 5 -> 12 can't reach)
( 5, 13, 50)
( 5, 13, 3, 20, 16, 4, 14, 153)
( 5, 8, 22, 25, 19, 24, 26, 15, 177)
( 5, 13, 3, 20, 16, 109)
( 5, 13, 3, 20, 16, 17, 139)
( 5, 13, 0, 11, 7, 18, 180)
( 5, 8, 22, 25, 19, 90)
( 5, 13, 3, 20, 64)
( 5, 13, 0, 11, 7, 18, 21, 202)
( 5, 8, 22, 59)
( 5 -> 23 can't reach)
( 5, 8, 22, 25, 19, 24, 128)
( 5, 8, 22, 25, 88)
( 5, 8, 22, 25, 19, 24, 26, 136)
( 6 -> 0 can't reach)
( 6, 15, 17, 19, 24, 1, 108)
( 6 -> 2 can't reach)
( 6, 15, 17, 14, 3, 86)
( 6, 15, 16, 4, 83)
( 6 -> 5 can't reach)
( 6 -> 7 can't reach)
( 6, 15, 17, 14, 3, 8, 112)
( 6, 15, 17, 14, 3, 8, 22, 9, 169)
( 6, 15, 17, 19, 10, 106)
( 6 -> 11 can't reach)
( 6, 12, 16)
( 6 -> 13 can't reach)
( 6, 15, 17, 14, 73)
( 6, 15, 3)
( 6, 15, 16, 39)
( 6, 15, 17, 27)
( 6 -> 18 can't reach)
( 6, 15, 17, 19, 59)
( 6, 15, 17, 14, 3, 20, 96)
( 6 -> 21 can't reach)
( 6, 15, 17, 14, 3, 8, 22, 146)
( 6 -> 23 can't reach)
( 6, 15, 17, 19, 24, 97)
( 6, 15, 17, 14, 3, 20, 25, 131)
( 6, 15, 17, 19, 24, 26, 105)
( 7, 11, 0, 64)
( 7, 18, 21, 1, 69)
( 7 -> 2 can't reach)
( 7, 18, 17, 14, 3, 106)
( 7, 18, 21, 20, 16, 4, 172)
( 7 -> 5 can't reach)
( 7 -> 6 can't reach)
( 7, 18, 17, 14, 3, 8, 132)
( 7, 18, 17, 14, 3, 8, 22, 9, 189)
( 7, 18, 21, 1, 10, 80)
( 7, 11, 14)
( 7 -> 12 can't reach)
( 7 -> 13 can't reach)
( 7, 18, 17, 14, 93)
( 7, 18, 17, 14, 15, 141)
( 7, 18, 21, 20, 16, 128)
( 7, 18, 17, 47)
( 7, 18, 27)
( 7, 18, 17, 19, 79)
( 7, 18, 21, 20, 83)
( 7, 18, 21, 49)
( 7, 18, 17, 14, 3, 8, 22, 166)
( 7 -> 23 can't reach)
( 7, 18, 17, 19, 24, 117)
( 7, 18, 21, 20, 25, 118)
( 7, 18, 17, 19, 24, 26, 125)
( 8 -> 0 can't reach)
( 8, 1, 7)
( 8 -> 2 can't reach)
( 8, 1, 10, 3, 62)
( 8, 1, 10, 3, 20, 16, 4, 161)
( 8 -> 5 can't reach)
( 8 -> 6 can't reach)
( 8 -> 7 can't reach)
( 8, 22, 9, 57)
( 8, 1, 10, 18)
( 8 -> 11 can't reach)
( 8 -> 12 can't reach)
( 8 -> 13 can't reach)
( 8, 1, 10, 3, 20, 16, 4, 14, 161)
( 8, 22, 25, 19, 24, 26, 15, 152)
( 8, 1, 10, 3, 20, 16, 117)
( 8, 1, 10, 3, 20, 16, 17, 147)
( 8 -> 18 can't reach)
( 8, 22, 25, 19, 65)
( 8, 1, 10, 3, 20, 72)
( 8 -> 21 can't reach)
( 8, 22, 34)
( 8 -> 23 can't reach)
( 8, 22, 25, 19, 24, 103)
( 8, 22, 25, 63)
( 8, 22, 25, 19, 24, 26, 111)
( 9 -> 0 can't reach)
( 9, 22, 25, 19, 24, 1, 86)
( 9 -> 2 can't reach)
( 9, 22, 25, 19, 24, 26, 3, 93)
( 9, 22, 25, 20, 16, 4, 174)
( 9 -> 5 can't reach)
( 9 -> 6 can't reach)
( 9 -> 7 can't reach)
( 9, 22, 25, 19, 24, 26, 3, 8, 119)
( 9, 22, 25, 19, 10, 84)
( 9 -> 11 can't reach)
( 9 -> 12 can't reach)
( 9 -> 13 can't reach)
( 9, 22, 25, 20, 16, 4, 14, 174)
( 9, 22, 25, 19, 24, 26, 15, 124)
( 9, 22, 25, 20, 16, 130)
( 9, 22, 25, 19, 24, 26, 15, 17, 148)
( 9 -> 18 can't reach)
( 9, 22, 25, 19, 37)
( 9, 22, 25, 20, 85)
( 9 -> 21 can't reach)
( 9, 22, 6)
( 9 -> 23 can't reach)
( 9, 22, 25, 19, 24, 75)
( 9, 22, 25, 35)
( 9, 22, 25, 19, 24, 26, 83)
( 10 -> 0 can't reach)
( 10, 3, 8, 1, 77)
( 10 -> 2 can't reach)
( 10, 3, 44)
( 10, 3, 20, 16, 4, 143)
( 10 -> 5 can't reach)
( 10 -> 6 can't reach)
( 10 -> 7 can't reach)
( 10, 3, 8, 70)
( 10, 3, 8, 22, 9, 127)
( 10 -> 11 can't reach)
( 10 -> 12 can't reach)
( 10 -> 13 can't reach)
( 10, 3, 20, 16, 4, 14, 143)
( 10, 3, 20, 25, 19, 24, 26, 15, 178)
( 10, 3, 20, 16, 99)
( 10, 3, 20, 16, 17, 129)
( 10 -> 18 can't reach)
( 10, 3, 20, 25, 19, 91)
( 10, 3, 20, 54)
( 10 -> 21 can't reach)
( 10, 3, 8, 22, 104)
( 10 -> 23 can't reach)
( 10, 3, 20, 25, 19, 24, 129)
( 10, 3, 20, 25, 89)
( 10, 3, 20, 25, 19, 24, 26, 137)
( 11, 0, 50)
( 11, 7, 18, 21, 1, 105)
( 11 -> 2 can't reach)
( 11, 7, 18, 17, 14, 3, 142)
( 11, 0, 20, 16, 4, 182)
( 11 -> 5 can't reach)
( 11 -> 6 can't reach)
( 11, 7, 36)
( 11, 7, 18, 17, 14, 3, 8, 168)
( 11, 7, 18, 17, 14, 3, 8, 22, 9, 225)
( 11, 7, 18, 21, 1, 10, 116)
( 11 -> 12 can't reach)
( 11 -> 13 can't reach)
( 11, 7, 18, 17, 14, 129)
( 11, 7, 18, 17, 14, 15, 177)
( 11, 0, 20, 16, 138)
( 11, 7, 18, 17, 83)
( 11, 7, 18, 63)
( 11, 7, 18, 17, 19, 115)
( 11, 0, 20, 93)
( 11, 7, 18, 21, 85)
( 11, 7, 18, 17, 14, 3, 8, 22, 202)
( 11 -> 23 can't reach)
( 11, 7, 18, 17, 19, 24, 153)
( 11, 0, 20, 25, 128)
( 11, 7, 18, 17, 19, 24, 26, 161)
( 12 -> 0 can't reach)
( 12, 17, 19, 24, 1, 116)
( 12 -> 2 can't reach)
( 12, 17, 14, 3, 94)
( 12, 17, 14, 3, 20, 16, 4, 193)
( 12 -> 5 can't reach)
( 12 -> 6 can't reach)
( 12 -> 7 can't reach)
( 12, 17, 14, 3, 8, 120)
( 12, 17, 14, 3, 8, 22, 9, 177)
( 12, 17, 19, 10, 114)
( 12 -> 11 can't reach)
( 12 -> 13 can't reach)
( 12, 17, 14, 81)
( 12, 17, 14, 15, 129)
( 12, 17, 14, 3, 20, 16, 149)
( 12, 17, 35)
( 12 -> 18 can't reach)
( 12, 17, 19, 67)
( 12, 17, 14, 3, 20, 104)
( 12 -> 21 can't reach)
( 12, 17, 14, 3, 8, 22, 154)
( 12 -> 23 can't reach)
( 12, 17, 19, 24, 105)
( 12, 17, 14, 3, 20, 25, 139)
( 12, 17, 19, 24, 26, 113)
( 13, 0, 21)
( 13, 3, 8, 1, 37)
( 13 -> 2 can't reach)
( 13, 3, 4)
( 13, 3, 20, 16, 4, 103)
( 13 -> 5 can't reach)
( 13 -> 6 can't reach)
( 13, 0, 11, 7, 103)
( 13, 3, 8, 30)
( 13, 3, 8, 22, 9, 87)
( 13, 3, 8, 1, 10, 48)
( 13, 0, 11, 67)
( 13 -> 12 can't reach)
( 13, 3, 20, 16, 4, 14, 103)
( 13, 3, 20, 25, 19, 24, 26, 15, 138)
( 13, 3, 20, 16, 59)
( 13, 3, 20, 16, 17, 89)
( 13, 0, 11, 7, 18, 130)
( 13, 3, 20, 25, 19, 51)
( 13, 3, 20, 14)
( 13, 0, 11, 7, 18, 21, 152)
( 13, 3, 8, 22, 64)
( 13 -> 23 can't reach)
( 13, 3, 20, 25, 19, 24, 89)
( 13, 3, 20, 25, 49)
( 13, 3, 20, 25, 19, 24, 26, 97)
( 14 -> 0 can't reach)
( 14, 3, 8, 1, 46)
( 14 -> 2 can't reach)
( 14, 3, 13)
( 14, 3, 20, 16, 4, 112)
( 14 -> 5 can't reach)
( 14 -> 6 can't reach)
( 14 -> 7 can't reach)
( 14, 3, 8, 39)
( 14, 3, 8, 22, 9, 96)
( 14, 3, 8, 1, 10, 57)
( 14 -> 11 can't reach)
( 14 -> 12 can't reach)
( 14 -> 13 can't reach)
( 14, 15, 48)
( 14, 3, 20, 16, 68)
( 14, 15, 17, 72)
( 14 -> 18 can't reach)
( 14, 3, 20, 25, 19, 60)
( 14, 3, 20, 23)
( 14 -> 21 can't reach)
( 14, 3, 8, 22, 73)
( 14 -> 23 can't reach)
( 14, 3, 20, 25, 19, 24, 98)
( 14, 3, 20, 25, 58)
( 14, 3, 20, 25, 19, 24, 26, 106)
( 15 -> 0 can't reach)
( 15, 17, 19, 24, 1, 105)
( 15 -> 2 can't reach)
( 15, 17, 14, 3, 83)
( 15, 16, 4, 80)
( 15 -> 5 can't reach)
( 15 -> 6 can't reach)
( 15 -> 7 can't reach)
( 15, 17, 14, 3, 8, 109)
( 15, 17, 14, 3, 8, 22, 9, 166)
( 15, 17, 19, 10, 103)
( 15 -> 11 can't reach)
( 15 -> 12 can't reach)
( 15 -> 13 can't reach)
( 15, 17, 14, 70)
( 15, 16, 36)
( 15, 17, 24)
( 15 -> 18 can't reach)
( 15, 17, 19, 56)
( 15, 17, 14, 3, 20, 93)
( 15 -> 21 can't reach)
( 15, 17, 14, 3, 8, 22, 143)
( 15 -> 23 can't reach)
( 15, 17, 19, 24, 94)
( 15, 17, 14, 3, 20, 25, 128)
( 15, 17, 19, 24, 26, 102)
( 16 -> 0 can't reach)
( 16, 4, 14, 3, 8, 1, 90)
( 16 -> 2 can't reach)
( 16, 4, 14, 3, 57)
( 16, 4, 44)
( 16 -> 5 can't reach)
( 16 -> 6 can't reach)
( 16 -> 7 can't reach)
( 16, 4, 14, 3, 8, 83)
( 16, 4, 14, 3, 8, 22, 9, 140)
( 16, 4, 14, 3, 8, 1, 10, 101)
( 16 -> 11 can't reach)
( 16 -> 12 can't reach)
( 16 -> 13 can't reach)
( 16, 4, 14, 44)
( 16, 4, 14, 15, 92)
( 16, 17, 30)
( 16 -> 18 can't reach)
( 16, 17, 19, 62)
( 16, 4, 14, 3, 20, 67)
( 16 -> 21 can't reach)
( 16, 4, 14, 3, 8, 22, 117)
( 16 -> 23 can't reach)
( 16, 17, 19, 24, 100)
( 16, 4, 14, 3, 20, 25, 102)
( 16, 17, 19, 24, 26, 108)
( 17 -> 0 can't reach)
( 17, 19, 24, 1, 81)
( 17 -> 2 can't reach)
( 17, 14, 3, 59)
( 17, 14, 3, 20, 16, 4, 158)
( 17 -> 5 can't reach)
( 17 -> 6 can't reach)
( 17 -> 7 can't reach)
( 17, 14, 3, 8, 85)
( 17, 14, 3, 8, 22, 9, 142)
( 17, 19, 10, 79)
( 17 -> 11 can't reach)
( 17 -> 12 can't reach)
( 17 -> 13 can't reach)
( 17, 14, 46)
( 17, 14, 15, 94)
( 17, 14, 3, 20, 16, 114)
( 17 -> 18 can't reach)
( 17, 19, 32)
( 17, 14, 3, 20, 69)
( 17 -> 21 can't reach)
( 17, 14, 3, 8, 22, 119)
( 17 -> 23 can't reach)
( 17, 19, 24, 70)
( 17, 14, 3, 20, 25, 104)
( 17, 19, 24, 26, 78)
( 18 -> 0 can't reach)
( 18, 21, 1, 42)
( 18 -> 2 can't reach)
( 18, 17, 14, 3, 79)
( 18, 21, 20, 16, 4, 145)
( 18 -> 5 can't reach)
( 18 -> 6 can't reach)
( 18 -> 7 can't reach)
( 18, 17, 14, 3, 8, 105)
( 18, 17, 14, 3, 8, 22, 9, 162)
( 18, 21, 1, 10, 53)
( 18 -> 11 can't reach)
( 18 -> 12 can't reach)
( 18 -> 13 can't reach)
( 18, 17, 14, 66)
( 18, 17, 14, 15, 114)
( 18, 21, 20, 16, 101)
( 18, 17, 20)
( 18, 17, 19, 52)
( 18, 21, 20, 56)
( 18, 21, 22)
( 18, 17, 14, 3, 8, 22, 139)
( 18 -> 23 can't reach)
( 18, 17, 19, 24, 90)
( 18, 21, 20, 25, 91)
( 18, 17, 19, 24, 26, 98)
( 19 -> 0 can't reach)
( 19, 24, 1, 49)
( 19 -> 2 can't reach)
( 19, 24, 26, 3, 56)
( 19, 24, 26, 3, 20, 16, 4, 155)
( 19 -> 5 can't reach)
( 19 -> 6 can't reach)
( 19 -> 7 can't reach)
( 19, 24, 26, 3, 8, 82)
( 19, 24, 26, 3, 8, 22, 9, 139)
( 19, 10, 47)
( 19 -> 11 can't reach)
( 19 -> 12 can't reach)
( 19 -> 13 can't reach)
( 19, 24, 26, 3, 20, 16, 4, 14, 155)
( 19, 24, 26, 15, 87)
( 19, 24, 26, 3, 20, 16, 111)
( 19, 24, 26, 15, 17, 111)
( 19 -> 18 can't reach)
( 19, 24, 26, 3, 20, 66)
( 19 -> 21 can't reach)
( 19, 24, 26, 3, 8, 22, 116)
( 19 -> 23 can't reach)
( 19, 24, 38)
( 19, 24, 26, 3, 20, 25, 101)
( 19, 24, 26, 46)
( 20 -> 0 can't reach)
( 20, 25, 19, 24, 1, 86)
( 20 -> 2 can't reach)
( 20, 25, 19, 24, 26, 3, 93)
( 20, 16, 4, 89)
( 20 -> 5 can't reach)
( 20 -> 6 can't reach)
( 20 -> 7 can't reach)
( 20, 25, 19, 24, 26, 3, 8, 119)
( 20, 25, 19, 24, 26, 3, 8, 22, 9, 176)
( 20, 25, 19, 10, 84)
( 20 -> 11 can't reach)
( 20 -> 12 can't reach)
( 20 -> 13 can't reach)
( 20, 16, 4, 14, 89)
( 20, 25, 19, 24, 26, 15, 124)
( 20, 16, 45)
( 20, 16, 17, 75)
( 20 -> 18 can't reach)
( 20, 25, 19, 37)
( 20 -> 21 can't reach)
( 20, 25, 19, 24, 26, 3, 8, 22, 153)
( 20 -> 23 can't reach)
( 20, 25, 19, 24, 75)
( 20, 25, 35)
( 20, 25, 19, 24, 26, 83)
( 21 -> 0 can't reach)
( 21, 1, 20)
( 21 -> 2 can't reach)
( 21, 1, 10, 3, 75)
( 21, 20, 16, 4, 123)
( 21 -> 5 can't reach)
( 21 -> 6 can't reach)
( 21 -> 7 can't reach)
( 21, 1, 10, 3, 8, 101)
( 21, 1, 10, 3, 8, 22, 9, 158)
( 21, 1, 10, 31)
( 21 -> 11 can't reach)
( 21 -> 12 can't reach)
( 21 -> 13 can't reach)
( 21, 20, 16, 4, 14, 123)
( 21, 20, 25, 19, 24, 26, 15, 158)
( 21, 20, 16, 79)
( 21, 20, 16, 17, 109)
( 21 -> 18 can't reach)
( 21, 20, 25, 19, 71)
( 21, 20, 34)
( 21, 1, 10, 3, 8, 22, 135)
( 21 -> 23 can't reach)
( 21, 20, 25, 19, 24, 109)
( 21, 20, 25, 69)
( 21, 20, 25, 19, 24, 26, 117)
( 22 -> 0 can't reach)
( 22, 25, 19, 24, 1, 80)
( 22 -> 2 can't reach)
( 22, 25, 19, 24, 26, 3, 87)
( 22, 25, 20, 16, 4, 168)
( 22 -> 5 can't reach)
( 22 -> 6 can't reach)
( 22 -> 7 can't reach)
( 22, 25, 19, 24, 26, 3, 8, 113)
( 22, 9, 23)
( 22, 25, 19, 10, 78)
( 22 -> 11 can't reach)
( 22 -> 12 can't reach)
( 22 -> 13 can't reach)
( 22, 25, 20, 16, 4, 14, 168)
( 22, 25, 19, 24, 26, 15, 118)
( 22, 25, 20, 16, 124)
( 22, 25, 19, 24, 26, 15, 17, 142)
( 22 -> 18 can't reach)
( 22, 25, 19, 31)
( 22, 25, 20, 79)
( 22 -> 21 can't reach)
( 22 -> 23 can't reach)
( 22, 25, 19, 24, 69)
( 22, 25, 29)
( 22, 25, 19, 24, 26, 77)
( 23 -> 0 can't reach)
( 23, 9, 22, 25, 19, 24, 1, 114)
( 23 -> 2 can't reach)
( 23, 10, 3, 84)
( 23, 10, 3, 20, 16, 4, 183)
( 23 -> 5 can't reach)
( 23 -> 6 can't reach)
( 23 -> 7 can't reach)
( 23, 10, 3, 8, 110)
( 23, 9, 28)
( 23, 10, 40)
( 23 -> 11 can't reach)
( 23 -> 12 can't reach)
( 23 -> 13 can't reach)
( 23, 10, 3, 20, 16, 4, 14, 183)
( 23, 9, 22, 25, 19, 24, 26, 15, 152)
( 23, 10, 3, 20, 16, 139)
( 23, 10, 3, 20, 16, 17, 169)
( 23 -> 18 can't reach)
( 23, 9, 22, 25, 19, 65)
( 23, 10, 3, 20, 94)
( 23 -> 21 can't reach)
( 23, 9, 22, 34)
( 23, 9, 22, 25, 19, 24, 103)
( 23, 9, 22, 25, 63)
( 23, 9, 22, 25, 19, 24, 26, 111)
( 24 -> 0 can't reach)
( 24, 1, 11)
( 24 -> 2 can't reach)
( 24, 26, 3, 18)
( 24, 26, 3, 20, 16, 4, 117)
( 24 -> 5 can't reach)
( 24 -> 6 can't reach)
( 24 -> 7 can't reach)
( 24, 26, 3, 8, 44)
( 24, 26, 3, 8, 22, 9, 101)
( 24, 1, 10, 22)
( 24 -> 11 can't reach)
( 24 -> 12 can't reach)
( 24 -> 13 can't reach)
( 24, 26, 3, 20, 16, 4, 14, 117)
( 24, 26, 15, 49)
( 24, 26, 3, 20, 16, 73)
( 24, 26, 15, 17, 73)
( 24 -> 18 can't reach)
( 24, 26, 3, 20, 25, 19, 65)
( 24, 26, 3, 20, 28)
( 24 -> 21 can't reach)
( 24, 26, 3, 8, 22, 78)
( 24 -> 23 can't reach)
( 24, 26, 3, 20, 25, 63)
( 24, 26, 8)
( 25 -> 0 can't reach)
( 25, 19, 24, 1, 51)
( 25 -> 2 can't reach)
( 25, 19, 24, 26, 3, 58)
( 25, 20, 16, 4, 139)
( 25 -> 5 can't reach)
( 25 -> 6 can't reach)
( 25 -> 7 can't reach)
( 25, 19, 24, 26, 3, 8, 84)
( 25, 19, 24, 26, 3, 8, 22, 9, 141)
( 25, 19, 10, 49)
( 25 -> 11 can't reach)
( 25 -> 12 can't reach)
( 25 -> 13 can't reach)
( 25, 20, 16, 4, 14, 139)
( 25, 19, 24, 26, 15, 89)
( 25, 20, 16, 95)
( 25, 19, 24, 26, 15, 17, 113)
( 25 -> 18 can't reach)
( 25, 19, 2)
( 25, 20, 50)
( 25 -> 21 can't reach)
( 25, 19, 24, 26, 3, 8, 22, 118)
( 25 -> 23 can't reach)
( 25, 19, 24, 40)
( 25, 19, 24, 26, 48)
( 26 -> 0 can't reach)
( 26, 3, 8, 1, 43)
( 26 -> 2 can't reach)
( 26, 3, 10)
( 26, 3, 20, 16, 4, 109)
( 26 -> 5 can't reach)
( 26 -> 6 can't reach)
( 26 -> 7 can't reach)
( 26, 3, 8, 36)
( 26, 3, 8, 22, 9, 93)
( 26, 3, 8, 1, 10, 54)
( 26 -> 11 can't reach)
( 26 -> 12 can't reach)
( 26 -> 13 can't reach)
( 26, 3, 20, 16, 4, 14, 109)
( 26, 15, 41)
( 26, 3, 20, 16, 65)
( 26, 15, 17, 65)
( 26 -> 18 can't reach)
( 26, 3, 20, 25, 19, 57)
( 26, 3, 20, 20)
( 26 -> 21 can't reach)
( 26, 3, 8, 22, 70)
( 26 -> 23 can't reach)
( 26, 3, 20, 25, 19, 24, 95)
( 26, 3, 20, 25, 55)
