0	42	19
0	16	20
0	51	12
0	31	20
0	9	4
0	27	16
0	5	11
0	4	5
0	2	13
0	46	1
0	22	18
0	45	11
0	50	2
0	49	18
0	11	2
0	8	8
0	15	5
0	37	20
0	34	7
0	53	19
0	54	13
0	18	14
1	18	3
1	14	13
1	21	8
1	12	3
1	34	5
1	24	9
1	8	16
1	48	13
1	10	13
1	57	2
1	25	16
1	38	3
1	29	11
1	11	5
1	58	1
1	3	9
1	53	7
1	20	15
1	62	20
1	42	4
1	19	12
1	37	19
1	16	6
1	35	19
1	17	3
1	15	2
1	55	16
1	59	19
2	23	12
2	36	9
2	14	18
2	19	20
2	9	7
2	27	2
2	40	9
2	2	11
2	21	5
2	6	5
2	39	5
2	50	1
3	38	2
3	6	11
3	26	5
3	48	19
3	51	6
3	32	9
3	20	2
3	62	8
3	10	1
3	2	9
3	29	9
3	58	20
3	27	14
3	44	3
3	25	11
3	55	4
3	40	18
3	39	7
3	24	1
3	53	3
3	8	8
3	43	6
3	56	1
3	33	17
4	60	4
4	5	16
4	26	1
4	4	12
4	29	6
4	43	18
4	2	1
4	13	16
4	47	1
4	35	11
4	22	17
4	54	13
4	36	1
4	34	19
4	1	12
4	9	19
4	28	7
4	24	18
4	11	6
4	46	20
5	25	2
5	44	1
5	36	6
5	47	8
5	62	5
5	2	3
5	9	15
5	56	4
5	28	14
5	32	12
5	37	14
5	34	13
5	48	11
5	38	17
5	54	17
5	49	13
5	22	16
5	17	8
5	60	5
5	29	3
6	46	4
6	42	6
6	43	19
6	20	3
6	21	1
6	47	6
6	49	2
6	33	7
6	48	3
6	56	11
6	63	15
6	35	12
6	26	1
6	34	7
6	59	9
6	45	8
6	36	15
6	44	7
6	11	8
7	9	17
7	42	7
7	24	2
7	56	4
7	14	8
8	28	11
8	62	14
8	18	20
8	8	18
8	23	20
8	40	18
8	11	17
8	53	6
8	33	3
8	7	1
8	10	5
8	50	7
8	16	12
8	43	19
9	49	3
9	38	17
9	46	6
9	53	11
9	1	8
9	51	5
9	13	4
9	10	12
10	49	19
10	43	17
10	34	10
10	5	11
10	0	12
10	30	11
10	13	17
10	42	15
10	60	7
10	14	14
10	23	11
10	44	2
12	48	11
13	50	10
13	27	17
13	18	20
13	49	7
13	61	12
13	2	15
13	35	14
13	17	6
13	59	3
13	52	17
13	42	12
13	24	2
14	13	8
14	61	16
14	45	19
15	13	11
15	2	10
15	12	19
15	21	10
15	33	1
15	53	20
15	15	11
15	50	20
15	44	17
15	43	15
15	42	13
15	51	15
15	8	4
15	24	14
15	40	1
15	27	19
15	52	1
15	19	4
15	45	6
15	30	5
15	29	10
15	10	17
15	31	15
15	63	12
15	56	15
15	39	2
16	14	12
16	6	10
16	30	18
16	45	5
16	47	3
16	33	14
16	37	19
16	18	8
16	16	11
16	38	5
16	31	15
16	11	1
17	31	6
17	12	13
17	4	12
17	3	17
17	54	15
17	29	13
17	47	17
18	49	7
18	38	17
18	43	1
18	25	17
18	4	12
18	45	2
18	26	15
18	18	20
18	35	15
18	33	16
19	50	9
19	49	18
19	32	2
19	35	8
19	11	13
19	14	8
19	24	8
19	22	2
19	43	6
19	42	4
19	9	3
19	6	7
19	8	19
19	45	11
19	20	5
20	39	12
20	28	11
20	32	3
20	63	12
20	11	6
20	13	14
20	58	5
20	48	9
20	47	3
20	51	6
20	21	11
20	35	7
20	9	7
20	15	4
20	0	12
20	18	1
21	45	14
21	3	18
21	32	5
21	25	15
21	34	3
21	58	20
21	28	6
21	54	13
21	44	14
21	0	9
21	21	7
21	50	7
21	27	5
21	61	4
21	53	20
21	31	11
21	46	10
21	4	6
21	33	2
22	12	6
22	50	20
22	55	11
22	53	16
22	14	4
22	51	17
22	46	6
22	44	10
22	35	2
22	42	6
22	60	14
22	40	20
22	6	15
22	29	15
22	63	14
22	21	14
22	16	12
23	30	10
23	34	10
23	43	2
23	1	9
23	4	20
23	63	19
23	38	12
23	12	9
23	3	1
23	11	11
23	40	13
23	26	6
23	6	16
23	50	20
23	24	18
24	62	2
24	61	14
24	24	6
24	42	12
24	39	20
24	43	19
24	50	12
24	33	2
24	11	4
24	12	3
24	25	1
24	22	16
24	59	1
24	52	5
24	27	8
25	61	11
25	50	4
25	46	8
25	56	5
25	17	8
25	40	7
25	55	17
25	44	5
25	57	15
25	63	2
25	48	18
25	51	2
25	12	11
25	52	14
25	16	4
25	11	9
25	59	8
25	29	17
26	49	2
26	9	7
26	20	16
26	8	12
26	22	18
26	56	2
26	62	4
26	53	4
26	33	7
26	26	14
26	21	7
26	39	16
26	17	14
26	51	19
26	38	17
26	11	15
26	16	7
26	60	15
26	15	16
26	46	3
26	48	3
26	37	11
26	34	15
26	30	11
26	42	12
26	47	1
26	1	20
28	22	11
28	56	3
28	43	19
28	3	11
28	17	3
28	38	19
28	44	18
28	10	2
28	0	8
28	57	16
28	55	9
28	16	16
28	39	12
28	52	19
28	61	7
28	36	9
28	40	2
28	59	3
28	34	12
28	29	16
28	24	14
28	48	11
28	33	5
28	25	11
28	35	14
28	51	14
29	48	15
29	34	16
29	44	4
29	40	13
29	51	7
29	53	20
29	24	19
29	62	4
29	18	13
29	35	4
29	20	5
29	2	12
29	38	13
29	42	14
29	9	18
29	0	18
29	46	14
30	30	8
30	11	18
30	8	20
30	62	16
30	41	2
30	35	13
30	49	13
30	19	20
30	32	8
30	9	1
30	2	14
30	29	6
30	0	2
30	39	10
30	6	2
30	24	1
30	18	10
30	54	17
30	61	20
30	14	1
30	55	13
32	61	9
32	0	14
32	28	9
32	50	5
32	13	19
32	54	6
32	37	14
32	62	4
32	17	7
32	51	14
32	8	8
32	45	5
32	56	19
32	52	8
34	33	15
34	58	9
34	61	5
34	12	9
34	7	13
34	20	20
34	31	1
34	60	8
34	52	18
34	16	20
34	50	10
34	46	17
35	46	20
35	43	18
35	55	3
35	7	7
35	8	19
35	32	8
35	47	13
35	10	19
35	12	1
35	38	19
35	42	17
35	9	9
35	21	15
35	2	14
35	57	4
35	58	3
35	36	20
35	23	18
35	31	11
35	33	14
36	3	13
36	58	15
36	8	7
36	22	9
36	27	4
36	48	3
38	12	4
38	56	13
38	32	8
38	46	4
38	54	2
38	37	1
38	20	17
38	24	16
38	27	6
38	58	20
38	59	17
38	4	7
38	42	8
39	22	14
39	61	4
39	48	16
39	47	9
39	16	12
39	50	20
39	63	4
39	9	10
39	37	5
39	4	9
39	62	17
39	13	3
39	21	8
39	56	19
39	29	6
39	6	13
39	43	16
39	25	11
39	58	11
39	23	8
39	33	8
39	45	11
39	38	6
41	4	17
41	39	5
41	36	14
41	12	5
41	57	5
42	43	4
42	48	2
42	31	9
42	3	6
42	11	15
42	14	13
42	18	4
42	60	10
43	54	12
43	60	15
43	25	19
43	49	11
43	12	20
43	31	2
43	27	18
43	32	19
43	53	19
43	51	11
43	2	6
43	58	6
43	47	4
43	21	16
43	44	9
43	57	9
43	48	20
43	50	4
45	37	2
45	63	10
45	38	18
45	61	18
45	48	3
45	35	20
45	53	12
45	4	2
45	8	7
45	24	6
45	30	17
45	3	13
45	20	1
45	13	13
45	56	16
45	29	18
46	55	10
46	2	11
46	7	11
46	18	10
46	45	15
46	8	15
46	15	18
46	58	15
46	47	19
47	8	14
47	47	9
47	10	15
47	25	19
47	32	9
49	60	8
49	24	1
49	32	13
49	33	12
49	48	11
49	38	20
49	59	15
49	23	18
49	22	20
49	42	16
49	12	16
49	34	10
49	54	12
49	45	6
49	27	12
49	41	3
51	7	18
53	7	1
53	47	6
53	51	13
53	57	11
53	52	15
53	48	5
54	51	17
54	62	15
54	13	17
55	59	15
56	8	6
56	2	4
57	48	20
57	0	19
57	59	17
57	13	9
57	63	10
57	49	12
57	21	18
57	51	2
57	60	1
57	45	8
57	16	9
57	33	10
57	30	10
57	55	15
57	37	13
57	19	1
57	11	4
57	56	2
57	62	2
57	42	17
57	54	20
57	50	14
57	12	15
60	14	1
60	19	9
60	45	15
60	0	8
60	6	19
60	36	1
61	11	8
61	19	4
61	9	1
61	22	7
61	37	10
61	23	11
61	42	20
62	16	4
62	4	15
62	27	11
63	49	13
63	13	19
63	52	16
63	53	20
63	16	19
63	44	1
